[b2.jpg]
text=1;198;60;COMPUTER SALES AND SERVICES &#010;&#010;&#010;WE PROVIDED COMPUTER SERVICES;Bernard MT Condensed;0.033520,0.160771,0.134761,0.000000;v1,4278190080,4278190080,128.000000,1.000000,0.250000,1.000000,700,258,49152;;
backuphash=1829
textactive=1
filters=finetune2=1,0.222222,0.134737,0.193684,00000000,0.000000;
